$ANSIBLE_VAULT;1.1;AES256
31656235356230316532313035336633376235326235643965353230636331313763376565653538
3636613633643934623032613136623233316331343137640a323639376136623462623538616661
32623937333830626534323261373566373065376132623639306531373666323863396530326430
6162653336613666640a633233393435316435646563383135316362303662323961613966326336
65356161353965383339343939303665316464306161386334356265373335613133393636636330
38306435643030373139313634656664333932326435663861666131646361306366346564616431
33323831613265306430336435653861326337333734393762643138623061363737323336633839
64643664323030643237663265313862656531373635353335666263636638623336303037323639
38663666333236666130373937323239333164333061363964313361323762373862383939633330
34666633643732393735616232373832656430396131613463343330303062663564333137386233
346634323230376532613466356635313734
